%YAML:1.0
---
camera_matrix: !!opencv-matrix
   rows: 3
   cols: 3
   dt: d
   data: [ 1.0281375242956749e+03, 0., 6.0122118302981767e+02, 0.,
       1.0288178837928663e+03, 3.9424772751186691e+02, 0., 0., 1. ]
dist_coeff: !!opencv-matrix
   rows: 1
   cols: 5
   dt: d
   data: [ -3.6490668925522711e-02, 2.2923203199475284e-01,
       -2.4947079201468247e-03, -1.9321595873073017e-03,
       -4.7501211782865499e-01 ]
