%YAML:1.0
---
camera_matrix: !!opencv-matrix
   rows: 3
   cols: 3
   dt: d
   data: [ 1.0269899334505544e+03, 0., 6.1016401616532323e+02, 0.,
       1.0267754982370154e+03, 3.7687362043578531e+02, 0., 0., 1. ]
dist_coeff: !!opencv-matrix
   rows: 1
   cols: 5
   dt: d
   data: [ -2.9512010502073489e-02, 1.3168381893441566e-01,
       -9.7470701584657655e-04, -6.6650272906972410e-03,
       -2.2474903862353465e-01 ]
